0000000000000000000000000
0000000000000000000000000
0000000000000000000000000
0000000000000000000000000
0000000000000000000000000
0000000000000000000000000
0000000000000000000000000
0000000000000000000000000
0000000000000000000000000
0000000000000000000000000
0000002100000000000000000
0000000100000000000000000
0000000100000000000000000
0000000100000000000000000
0000000100000000000000000
0000010000000000000000000
0000001000000000000000000
0000000100000000000000000
0000000010000003000000000
0000000001111111000000000
0000000000000000000000000
0000000000000000000000000
0000000000000000000000000
0000000000000000000000000
0000000000000000000000000
